Name,OutCome,RunTime,TotalSplits,BoogieDumpTime
mouser_removelockforward2_0.bpl.bpl.txt,NOK,13.469429,188,0.897882
sys_zwregistrycreate_0.bpl.bpl.txt,OK,555.447727,301,0.74923
sys_removelockreleasedevicecontrol_4.bpl.bpl.txt,OK,6.476236,34,0.731645
sbp2port_irqlreturn_0.bpl.bpl.txt,NOK,7.762549,89,1.729234
61883_multremovelock_0.bpl.bpl.txt,OK,85.74247,269,1.262434
modem_markirppending_0.bpl.bpl.txt,NOK,54.325841,339,1.95064
mouser_iobuilddevicecontrolwait_0.bpl.bpl.txt,OK,115.382505,404,0.963756
hw_irqlkereleasespinlock_0.bpl.bpl.txt,OK,2917.998469,1455,1.663458
driver_irqlzwpassive_1.bpl.bpl.txt,OK,8.933406,42,3.089046
avc_lowerdriverreturn_0.bpl.bpl.txt,NOK,178.027183,583,1.431162
serial_markingqueuedirps_2.bpl.bpl.txt,OK,458.184798,787,1.333005
mouser_ioallocateirpsignaleventincompletion_0.bpl.bpl.txt,OK,149.129,470,0.903133
sys_irqlreturn_6.bpl.bpl.txt,NOK,22.587783,221,1.073618
hw_irqlreturn_0.bpl.bpl.txt,OK,65.431145,305,1.477168
usbccgp_ioreuseirp_0.bpl.bpl.txt,NOK,22.881497,117,1.655264
kbdclass_completerequest_1.bpl.bpl.txt,OK,203.321915,499,1.06889
mp_irqlkeapclte2_0.bpl.bpl.txt,OK,57.184996,257,2.384179
avc_forwardedatbadirql_1.bpl.bpl.txt,NOK,58.278193,278,1.041077
sbp2port_markirppending_0.bpl.bpl.txt,NOK,53.240475,194,1.703854
avc_pagedcode_1.bpl.bpl.txt,OK,37.745274,302,1.644101
hw_irqlkeraiselower_0.bpl.bpl.txt,OK,613.574527,681,1.56551
mouser_removelockforward2_1.bpl.bpl.txt,NOK,12.284226,147,0.879268
driver_irqlobpassive_0.bpl.bpl.txt,OK,3.796543,7,2.515112
mouclass_completerequest_1.bpl.bpl.txt,OK,57.252425,346,0.948629
sbp2port_markirppending_1.bpl.bpl.txt,NOK,17.759674,89,1.367593
61883_ioallocateirpsignaleventincompletiontimeout_1.bpl.bpl.txt,NOK,9.027778,97,1.346704
usbccgp_irqlioapclte_0.bpl.bpl.txt,OK,109.334448,350,1.581582
kbdclass_removelockforward2_1.bpl.bpl.txt,NOK,67.595815,226,1.205413
driver_iobuildsynchronousfsdrequestnofree_0.bpl.bpl.txt,NOK,46.275089,179,4.270263
kbdclass_ioallocatefree_0.bpl.bpl.txt,OK,238.783871,475,0.833662
61883_pendedcompletedrequest3_0.bpl.bpl.txt,NOK,9.865841,108,1.51952
mouclass_signaleventincompletion_1.bpl.bpl.txt,OK,68.976603,428,0.945229
mouser_removelockreleasepower_1.bpl.bpl.txt,NOK,11.81364,241,0.780956
61883_ioallocateirpsignaleventincompletion_1.bpl.bpl.txt,NOK,9.233558,83,1.314053
mouclass_multremovelock_1.bpl.bpl.txt,NOK,46.159935,188,0.918787
sbp2port_irqlkewaitformutexobject_0.bpl.bpl.txt,NOK,11.361631,143,1.840854
kbdclass_forwardedatbadirqlallocate_1.bpl.bpl.txt,NOK,14.035544,93,1.081843
serial_pendedcompletedrequest3_0.bpl.bpl.txt,OK,116.968525,413,1.50796
mouclass_ioallocateirpsignaleventincompletiontimeout_0.bpl.bpl.txt,NOK,15.211631,108,0.876791
usbccgp_lowerdriverreturn_0.bpl.bpl.txt,NOK,13.335214,116,1.804951
cyyport_pagedcode_0.bpl.bpl.txt,OK,130.426056,359,1.319362
cyzport_irqlkereleasespinlock_0.bpl.bpl.txt,NOK,10.798557,95,1.566467
winnt_pendedcompletedrequest3_0.bpl.bpl.txt,NOK,8.052707,138,1.223314
61883_multremovelock_1.bpl.bpl.txt,OK,100.384854,283,1.30559
cyzport_irqlkesetevent_0.bpl.bpl.txt,NOK,20.264206,125,1.3824
ppa3x_nsremovelockquerymnremove_0.bpl.bpl.txt,OK,90.509058,295,0.781556
61883_forwardedatbadirqlallocate_0.bpl.bpl.txt,OK,23.831515,156,1.262108
sys_pendedcompletedrequest_0.bpl.bpl.txt,NOK,24.453768,158,1.15708
ppa3x_nsremovelockmnsurpriseremove_0.bpl.bpl.txt,OK,76.698908,381,0.787822
usbprint_ioallocateirpsignaleventincompletion_0.bpl.bpl.txt,OK,241.162747,273,0.829377
sbp2port_completerequest_0.bpl.bpl.txt,NOK,8.333405,70,1.834584
mouser_removelockreleasecreate_1.bpl.bpl.txt,NOK,12.305467,279,0.749654
61883_irqlexallocatepool_0.bpl.bpl.txt,OK,168.084445,472,1.227447
1394diag_pendedcompletedrequest_0.bpl.bpl.txt,OK,71.137632,353,0.922683
Imapi_removelockforwarddevicecontrol2_0.bpl.bpl.txt,OK,1995.33553,462,1.191902
sbp2port_irqlexallocatepool_0.bpl.bpl.txt,OK,39.373657,176,1.317697
kbdclass_removelockmnsurpriseremove_0.bpl.bpl.txt,OK,3372.84726,905,0.970475
serial_pendedcompletedrequest3_2.bpl.bpl.txt,OK,150.385357,464,1.267499
61883_completerequest_1.bpl.bpl.txt,OK,1.57421,0,1.516946
kbdclass_nsremovelockmnremove_0.bpl.bpl.txt,OK,894.910969,831,0.852557
usbccgp_completerequeststatuscheck_0.bpl.bpl.txt,NOK,12.281211,111,1.763595
flpydisk_irqlexapclte1_1.bpl.bpl.txt,OK,643.539999,82,1.010556
61883_removelockreleaseinternaldevicecontrol_0.bpl.bpl.txt,NOK,8.838625,83,1.023356
sys_removelockmnsurpriseremove_0.bpl.bpl.txt,NOK,41.099461,126,1.020262
61883_ioreleaseremovelockandwaitoutsideremovedevice_0.bpl.bpl.txt,NOK,11.63481,111,1.400278
1394vdev_completerequest_0.bpl.bpl.txt,NOK,8.112862,93,0.93984
usbprint_completerequest_0.bpl.bpl.txt,NOK,10.193851,146,0.860008
kbdclass_ioallocateirpsignaleventincompletion_0.bpl.bpl.txt,OK,141.815612,453,0.942926
daytona_removelockrelease2_0.bpl.bpl.txt,NOK,44.060225,317,1.098238
sbp2port_deletedevice_0.bpl.bpl.txt,OK,98.645101,338,1.048645
hw_irqldispatch_0.bpl.bpl.txt,OK,169.74073,378,1.350019
hw_irqlkewaitformutexobject_0.bpl.bpl.txt,OK,321.810992,563,2.432686
scsiscan_forwardedatbadirqlallocate_0.bpl.bpl.txt,NOK,9.024485,128,0.806602
hw_irqliopassive2_0.bpl.bpl.txt,OK,2.021342,0,1.969991
winnt_forwardedatbadirql_0.bpl.bpl.txt,OK,786.32136,930,0.845118
sbp2port_irqliopassive1_0.bpl.bpl.txt,NOK,69.229584,239,1.773899
filter_ioallocateirpsignaleventincompletion_0.bpl.bpl.txt,OK,213.237783,466,1.112981
61883_pendedcompletedrequest_0.bpl.bpl.txt,NOK,9.266694,115,1.361279
avc_lowerdriverreturn_1.bpl.bpl.txt,NOK,200.896027,572,1.636669
kbdclass_nsremovelockmnsurpriseremove_1.bpl.bpl.txt,OK,838.222079,721,1.059838
61883_markqueryrelations_1.bpl.bpl.txt,NOK,11.818127,119,1.023732
mouser_removelockrelease2_0.bpl.bpl.txt,NOK,23.711717,295,0.846293
1394diag_ioallocatecomplete_0.bpl.bpl.txt,OK,183.822996,296,0.971586
mouser_forwardedatbadirqlallocate_1.bpl.bpl.txt,NOK,47.203255,301,0.864913
mouser_forwardedatbadirqlallocate_0.bpl.bpl.txt,NOK,46.106582,316,0.871921
daytona_removelockrelease2_1.bpl.bpl.txt,NOK,35.942856,242,1.073046
hw_irqliopassive4_0.bpl.bpl.txt,OK,447.562169,578,1.355935
61883_ioreuseirp_1.bpl.bpl.txt,NOK,10.881097,88,1.270319
sbp2port_ioallocateforward_0.bpl.bpl.txt,NOK,9.395046,86,1.325169
avc_forwardedatbadirql_0.bpl.bpl.txt,NOK,54.468867,260,1.279408
mp_removecheck_0.bpl.bpl.txt,OK,15.586141,94,1.355208
sbp2port_pendedcompletedrequest2_1.bpl.bpl.txt,NOK,8.057268,86,1.285901
driver_irqlexallocatepool_3.bpl.bpl.txt,OK,14.520881,115,3.364532
avc_pendedcompletedrequest_1.bpl.bpl.txt,OK,69.652479,431,1.295264
Imapi_removelockreleasedevicecontrol_0.bpl.bpl.txt,OK,1035.977455,402,0.832507
mouser_iobuilddevicecontrolwait_1.bpl.bpl.txt,OK,100.479404,406,0.878728
sbp2port_irqliopassive4_1.bpl.bpl.txt,OK,69.948896,429,1.415185
sys_pendedcompletedrequest3_6.bpl.bpl.txt,OK,60.161995,381,1.110809
driver_irqliopassive5_1.bpl.bpl.txt,OK,3.630042,7,2.510266
parport_markstartdevice_0.bpl.bpl.txt,NOK,16.207182,78,1.381587
sys_completerequest_6.bpl.bpl.txt,NOK,20.016348,120,1.22438
mouser_ioallocateirpsignaleventincompletion_1.bpl.bpl.txt,OK,122.091967,461,0.905361
avc_completerequeststatuscheck_1.bpl.bpl.txt,NOK,105.631366,533,1.374496
usbccgp_pendedcompletedrequest3_0.bpl.bpl.txt,NOK,7.090748,83,1.635559
usbccgp_removelockreleaseinternaldevicecontrol_0.bpl.bpl.txt,NOK,11.202323,164,1.645768
mouser_lowerdriverreturn_1.bpl.bpl.txt,NOK,13.522115,208,0.883968
modem_pendedcompletedrequest_0.bpl.bpl.txt,NOK,109.065657,313,1.117612
61883_completerequest_0.bpl.bpl.txt,NOK,10.414038,91,1.49603
mouclass_powerdownallocate_1.bpl.bpl.txt,OK,171.96097,323,0.896744
hw_markstartdevice_0.bpl.bpl.txt,NOK,933.479766,1039,1.419443
daytona_removelockreleasepnp_0.bpl.bpl.txt,NOK,42.312657,210,1.047881
61883_removelockreleaseinternaldevicecontrol_1.bpl.bpl.txt,NOK,8.065458,86,0.999906
filter_iobuilddevicecontrolnofree_0.bpl.bpl.txt,OK,293.927817,342,1.196125
61883_pendedcompletedrequest_1.bpl.bpl.txt,NOK,8.470194,103,1.270804
